 Epoch        Ratio
    4      3.62
   12      2.20
   14      2.85
   15      2.01
   21      8.65
   23     17.53
   24      4.48
   25     17.50
   26      4.40
   27      2.78
   28      4.10
   29     10.19
   30      9.82
   31      9.35
   32      2.01
   33      2.06
   34     11.32
   35     12.58
   36     14.17
   37     18.41
   38      2.04
   39      2.59
   40      3.02
   41      2.51
   42      3.27
   43      3.82
   44      4.76
   45      2.17
   46      2.50
   47      2.90
   48      3.24
   49      3.52
   50      3.83
   51      4.05
   52      4.40
   53      4.67
   54      4.48
   55      4.72
   56      4.92
   57      5.66
   58      5.92
   59      9.53
   60      9.73
   61      9.89
   62     10.13
   63     10.31
   64     10.42
   65     10.52
   66     10.61
   67     10.73
   68     10.95
   69     11.26
   70     11.28
   71     11.49
   72     11.69
   73     11.65
   74     11.49
   75     11.64
   76     11.73
   77     11.79
   78     11.83
   79     11.96
   80     12.01
   81     12.14
   82     12.26
   83     12.28
   84     12.21
   85     12.27
   86     12.27
   87     12.26
   88     12.23
   89     12.14
   90     12.00
   91     11.99
   92     11.82
   93     11.83
   94     11.67
   95     11.71
   96     11.61
   97     11.52
   98     11.44
   99     11.31
  100     11.22
  101     11.16
  102     11.15
  103     11.07
  104     10.98
  105     10.93
  106     10.97
  107     10.93
  108     10.82
  109     10.81
  110     10.79
  111     10.74
  112     10.72
  113     10.71
  114     10.63
  115     10.60
  116     10.51
  117     10.35
  118     10.33
  119     10.21
  120     10.15
  121     10.02
  122      9.98
  123      9.88
  124      9.81
  125      9.74
  126      9.74
  127      9.68
  128      9.60
  129      9.58
  130      9.61
  131      9.59
  132      9.60
  133      9.56
  134      9.53
  135      9.46
  136      9.47
  137      9.51
  138      9.50
  139      9.48
  140      9.42
  141      9.41
  142      9.39
  143      9.39
  144      9.38
  145      9.37
  146      9.36
  147      9.32
  148      9.28
  149      9.31
  150      9.33
  151      9.31
  152      9.28
  153      9.26
  154      9.25
  155      9.25
  156      9.22
  157      9.22
  158      9.18
  159      9.13
  160      9.12
  161      9.11
  162      9.10
  163      9.10
  164      9.08
  165      9.08
  166      9.05
  167      9.05
  168      9.08
  169      9.09
  170      9.11
  171      9.10
  172      9.10
  173      9.11
  174      9.10
  175      9.09
  176      9.09
  177      9.08
  178      9.09
  179      9.06
  180      9.05
  181      9.03
  182      9.03
  183      9.05
  184      9.07
  185      9.07
  186      9.07
  187      9.09
  188      9.11
  189      9.14
  190      9.16
  191      9.17
  192      9.18
  193      9.21
  194      9.21
  195      9.24
  196      9.26
  197      9.25
  198      9.26
  199      9.27
  200      9.31
  201      9.35
  202      9.36
  203      9.37
  204      9.37
  205      9.38
  206      9.39
  207      9.40
  208      9.38
  209      9.37
  210      9.40
  211      9.43
  212      9.45
  213      9.44
  214      9.46
  215      9.44
  216      9.43
  217      9.42
  218      9.43
  219      9.45
  220      9.45
  221      9.46
  222      9.49
  223      9.51
  224      9.52
  225      9.52
  226      9.52
  227      9.53
  228      9.54
  229      9.56
  230      9.56
  231      9.56
  232      9.56
  233      9.57
  234      9.61
  235      9.62
  236      9.64
  237      9.63
  238      9.64
  239      9.67
  240      9.69
  241      9.69
  242      9.70
  243      9.73
  244      9.74
  245      9.76
  246      9.77
  247      9.78
  248      9.79
  249      9.82
  250      9.82
  251      9.85
  252      9.87
  253      9.88
  254      9.89
  255      9.91
  256      9.93
  257      9.95
  258      9.94
  259      2.01
  260      2.03
  261      2.05
  262      2.08
  263      2.09
  264      2.12
  265      2.13
  266      2.14
  267      2.16
  268      2.18
  269      2.18
  270      2.21
  271      2.22
  272      2.24
  273      2.25
  274      2.26
  275      2.28
  276      2.29
  277      2.29
  278      2.31
  279      2.32
  280      2.35
  281      2.35
  282      2.36
  283      2.37
  284      2.37
  285      2.40
  286      2.41
  287      2.40
  288      2.42
  289      2.42
  290      2.43
  291      2.45
  292      2.45
  293      2.47
  294      2.47
  295      2.48
  296      2.49
  297      2.49
  298      2.50
  299      2.51
  300      2.51
  301      2.52
  302      2.53
  303      2.52
  304      2.53
  305      2.54
  306      2.54
  307      2.54
  308      2.55
  309      2.55
  310      2.55
  311      2.55
  312      2.55
  313      2.56
  314      2.57
  315      2.58
  316      2.59
  317      2.60
  318      2.59
  319      2.60
  320      2.60
  321      2.62
  322      2.62
  323      2.62
  324      2.64
  325      2.64
  326      2.64
  327      2.65
  328      2.65
  329      2.65
  330      2.65
  331      2.66
  332      2.67
  333      2.68
  334      2.67
  335      2.69
  336      2.69
  337      2.70
  338      2.70
  339      2.71
  340      2.72
  341      2.72
  342      2.73
  343      2.73
  344      2.73
  345      2.74
  346      2.74
  347      2.74
  348      2.75
  349      2.75
  350      2.75
  351      2.76
  352      2.76
  353      2.77
  354      2.77
  355      2.77
  356      2.78
  357      2.78
  358      2.79
  359      2.78
  360      2.79
  361      2.79
  362      2.80
  363      2.80
  364      2.80
  365      2.80
  366      2.79
  367      2.80
  368      2.80
  369      2.80
  370      2.81
  371      2.81
  372      2.81
  373      2.81
  374      2.81
  375      2.81
  376      2.81
  377      2.81
  378      2.81
  379      2.80
  380      2.81
  381      2.81
  382      2.80
  383      2.81
  384      2.80
  385      2.81
  386      2.81
  387      2.80
  388      2.81
  389      2.80
  390      2.80
  391      2.80
  392      2.80
  393      2.79
  394      2.80
  395      2.80
  396      2.80
  397      2.79
  398      2.79
  399      2.79
  400      2.79
  401      2.79
  402      2.79
  403      2.79
  404      2.79
  405      2.79
  406      2.79
  407      2.79
  408      2.79
  409      2.79
  410      2.79
  411      2.80
  412      2.80
  413      2.80
  414      2.80
  415      2.81
  416      2.81
  417      2.80
  418      2.81
  419      2.82
  420      2.82
  421      2.82
  422      2.82
  423      2.82
  424      2.82
  425      2.83
  426      2.83
  427      2.83
  428      2.84
  429      2.84
  430      2.84
  431      2.84
  432      2.85
  433      2.86
  434      2.86
  435      2.87
  436      2.87
  437      2.87
  438      2.88
  439      2.88
  440      2.88
  441      2.89
  442      2.89
  443      2.89
  444      2.89
  445      2.90
  446      2.90
  447      2.91
  448      2.91
  449      2.92
  450      2.92
  451      2.93
  452      2.93
  453      2.94
  454      2.94
  455      2.95
  456      2.95
  457      2.96
  458      2.96
  459      2.96
  460      2.97
  461      2.98
  462      2.99
  463      2.99
  464      2.99
  465      3.01
  466      3.01
  467      3.02
  468      3.03
  469      3.03
  470      3.04
  471      3.04
  472      3.05
  473      3.05
  474      3.06
  475      3.06
  476      3.07
  477      3.08
  478      3.09
  479      3.10
  480      3.12
  481      3.13
  482      3.14
  483      3.15
  484      3.16
  485      3.17
  486      3.18
  487      3.19
  488      3.20
  489      3.21
  490      3.22
  491      3.22
  492      3.23
  493      3.25
  494      3.26
  495      3.27
  496      3.28
  497      3.29
  498      3.30
  499      3.31
  500      3.32
  501      3.33
  502      3.33
  503      3.33
  504      3.34
  505      3.35
  506      3.36
  507      3.37
  508      3.38
  509      3.38
  510      3.39
  511      3.39
  512      3.40
  513      3.40
  514      3.41
  515      3.42
  516      3.42
  517      3.43
  518      3.44
  519      3.45
  520      3.46
  521      3.47
  522      3.47
  523      3.48
  524      3.49
  525      3.50
  526      3.51
  527      3.52
  528      3.52
  529      3.53
  530      3.54
  531      3.54
  532      3.55
  533      3.56
  534      3.56
  535      3.57
  536      3.58
  537      3.59
  538      3.60
  539      3.61
  540      3.62
  541      3.63
  542      3.64
  543      3.64
  544      3.65
  545      3.66
  546      3.66
  547      3.67
  548      3.68
  549      3.69
  550      3.70
  551      3.71
  552      3.72
  553      3.73
  554      3.73
  555      3.74
  556      3.74
  557      3.75
  558      3.76
  559      3.76
  560      3.77
  561      3.77
  562      3.78
  563      3.79
  564      3.79
  565      3.80
  566      3.81
  567      3.81
  568      3.82
  569      3.83
  570      3.83
  571      3.84
  572      3.85
  573      3.85
  574      3.86
  575      3.86
  576      3.87
  577      3.87
  578      3.88
  579      3.89
  580      3.90
  581      3.90
  582      3.91
  583      3.92
  584      3.92
  585      3.93
  586      3.94
  587      3.94
  588      3.95
  589      3.95
  590      3.96
  591      3.97
  592      3.97
  593      3.98
  594      3.99
  595      3.99
  596      4.00
  597      4.00
  598      4.01
  599      4.01
  600      4.02
  601      4.02
  602      4.03
  603      4.03
  604      4.04
  605      4.05
  606      4.05
  607      4.06
  608      4.06
  609      4.07
  610      4.07
  611      4.08
  612      4.08
  613      4.09
  614      4.09
  615      4.10
  616      4.11
  617      4.11
  618      4.11
  619      4.10
  620     11.84
  621     11.85
  622      2.08
  623      2.31
  624      2.10
  625      2.01
  626      4.84
  627      9.04
  628      2.49
  629      3.79
  630      4.15
  631      3.36
  632      2.16
  633      2.53
  634      3.05
  635      2.10
  636      2.57
  637      3.18
  638      2.13
  639      2.26
  640      2.52
  641      3.23
  642      6.11
  643      4.73
  644      6.82
  645      7.14
  646      6.63
  647      9.11
  648      3.79
  649      9.86
  650      3.67
  651      6.21
  652      8.60
  653      8.98
  654      8.15
  655      2.23
  656      2.59
  657      2.96
  658      2.09
  659      4.67
  660     12.00
  661      5.53
  662     13.61
  663      2.07
  664      2.52
  665      2.40
  666      2.44
  667      2.62
  668      2.41
  669      2.74
  670      2.04
  671      2.08
  672      2.39
  673      2.76
  674      3.09
  675      3.86
  676      3.28
  677      4.36
  678      4.32
  679      4.21
  680      4.62
  681      4.92
  682      2.58
  683      4.40
  684      5.47
  685      7.25
  686      3.12
  687      4.86
  688      6.42
  689      6.63
  690      7.57
  691      7.27
  692      4.34
  693      7.64
  694      8.02
  695      7.73
  696      8.22
  697      8.40
  698      8.42
  699      8.31
  700      7.94
  701      7.31
  702      7.10
  703      2.29
  704      2.49
  705      2.34
  706      4.07
  707      2.26
  708      2.34
  709      2.72
  710      3.16
  711      3.59
  712      4.08
  713      4.40
  714      4.74
  715      5.07
  716      5.30
  717      5.60
  718      5.95
  719      2.13
  720      2.50
  721      2.71
  722      2.65
  723      7.05
  724      8.95
  725      7.33
  726      9.36
  727      8.95
  728      9.93
  729      2.38
  730      5.14
  731      2.29
  732      2.90
  733      4.27
  734      6.91
  735      5.09
  736      6.94
  737      2.12
  738      2.49
  739      2.19
  740      3.74
  741      4.65
  742      2.84
  743      3.69
  744      4.78
  745      3.19
  746      3.68
  747      2.06
  748      3.38
  749      2.73
  750      2.42
  751      8.15
  752      6.73
  753      4.92
  754      3.04
  755      5.19
  756      5.04
  757      3.59
  758      4.12
  759     25.87
  760      6.85
  761      2.47
  764      2.08
  767      7.33
  768     16.22
  769     34.05
  770     18.46
  771      3.28
  772      3.15
  773      8.25
  774     10.86
  775     11.93
  776      2.35
  778      5.86
  779      8.65
  780      2.64
  781     11.62
  782      8.31
  783      3.26
  784      2.53
  785      7.17
  786     15.05
  788      2.00
  789      4.71
  790      7.62
  791     12.68
  792      4.77
  793      4.75
  794      3.01
  795      2.41
  796      2.25
  797      2.37
  798      6.73
  799      4.11
  800      7.56
  801      7.16
  802      5.39
  803      5.89
  804      5.56
  805      5.55
  806      2.23
  807      3.49
  808      8.29
  809      6.33
  810      6.65
  811      5.87
  812      4.86
  813      3.33
  814      6.25
  815     18.62
  816     28.71
  818      2.97
  819      3.98
  820      3.22
  821      3.64
  822      8.14
  823      8.04
  824     15.07
  825     20.66
  826     10.33
  827      9.55
  828     10.77
  829     15.38
  830      3.35
  831      2.62
  832      2.27
  833      2.56
  834      7.00
  835      9.78
  836      2.52
  837      2.35
  838      2.32
  839      4.53
  841      2.14
  843      2.54
  844      7.03
  845      2.61
  846      5.00
  847      6.64
  848      7.71
  849      2.06
  850      5.56
  851      9.80
  852     19.32
  853     28.40
  854      8.13
  855     22.09
  856      2.58
  857      3.56
  858      3.96
  859      7.25
  860     13.18
  861     12.99
  867      2.70
  868      5.28
  869      3.54
  870      9.81
  871      4.97
  873      2.30
  879      2.22
  880      2.72
  881      3.79
  882     16.06
  883      2.68
  884      4.76
  885     19.59
  886     14.73
  887     22.21
  888     23.64
  889     24.07
  890      2.35
  891      2.74
  892      3.14
  893      2.21
  894      2.20
  895      2.71
  896      2.65
  897      3.66
  898      2.71
  899      2.37
  900      3.00
  901      3.62
  902      2.00
  903      2.16
  904      2.32
  905      7.68
  906      9.87
  907     14.68
  908      4.16
  911      2.42
  915      2.46
  916      5.38
  918     13.57
  933      3.65
  934      2.48
  941      9.80
  942      3.28
  943      2.95
  946      7.94
  949      2.11
  954      2.22
  955      3.81
  960      2.02
  962      2.47
  964      2.17
  965      2.13
  966      2.39
  967      2.12
  968      2.39
  969      2.41
  970      2.08
  971      2.54
  972      2.77
  973      2.85
  974      2.84
  975      2.91
  976      2.31
  977      3.18
  978      3.18
  979      3.20
  980      3.02
  981      4.00
  982      4.00
  983      4.08
  984      4.20
  985      4.11
  986      2.44
  987      2.89
  988      2.62
  989      3.35
  990      3.38
  991      4.83
  992      2.36
  993      2.42
  994      4.10
  995      4.20
  996      3.60
  998      2.14
  999      4.16
 1000      5.98
 1001      9.10
 1002      7.38
 1003      7.58
 1004     11.17
 1005     16.69
 1006      5.01
 1008      2.35
 1010     11.10
 1011     17.02
 1012      2.57
 1013      3.16
 1014      4.76
 1015      3.38
 1016      2.77
 1017      3.62
 1018      2.69
 1019      2.50
 1020      2.57
 1021      2.34
 1022      3.44
 1023      3.21
 1024      3.00
 1025      2.83
 1026      2.69
 1027      2.58
 1028      2.49
 1029      2.93
 1030      3.59
 1031      2.20
 1032      2.38
 1033      2.69
 1034      2.77
 1035      2.79
 1036      2.81
 1037      2.81
 1038      2.82
 1039      2.84
 1040      2.85
 1041      2.88
 1042      2.84
 1043      2.84
 1044      2.84
 1045      2.85
 1046      2.85
 1047      2.14
 1048      2.12
 1049      2.11
 1050      2.09
 1051      2.09
 1052      2.08
 1053      2.07
 1054      2.06
 1055      2.39
 1056      2.39
 1057      2.43
 1058      2.42
 1059      2.41
 1060      2.03
 1061      2.03
 1062      2.03
 1063      2.05
 1064      2.05
 1065      2.04
 1066      2.03
 1067      2.03
 1068      2.04
 1069      2.04
 1070      2.03
 1071      2.11
 1072      2.11
 1073      2.11
 1074      2.11
 1075      2.11
 1076      2.11
 1077      2.11
 1078      2.11
 1079      2.11
 1080      2.11
 1081      2.11
 1082      2.11
 1083      2.06
 1084      2.06
 1085      2.06
 1086      2.07
 1087      2.07
 1088      2.07
 1089      2.07
 1090      2.07
 1091      2.07
 1092      2.08
 1093      2.08
 1094      2.08
 1095      2.08
 1096      2.08
 1097      2.09
 1098      2.07
 1099      2.06
 1100      2.06
 1101      2.06
 1102      2.06
 1103      2.07
 1104      2.08
 1105      2.08
 1106      2.08
 1107      2.08
 1108      2.08
 1109      2.08
 1110      2.08
 1111      2.08
 1112      2.08
 1113      2.08
 1114      2.08
 1115      2.08
 1116      2.08
 1117      2.08
 1118      2.08
 1119      2.12
 1120      2.12
 1121      2.12
 1122      2.12
 1123      2.12
 1124      2.12
 1125      2.12
 1126      2.13
 1127      2.13
 1128      2.13
 1129      2.13
 1130      2.13
 1131      2.13
 1132      2.13
 1133      2.13
 1134      2.13
 1135      2.13
 1136      2.13
 1137      2.13
 1138      2.13
 1139      2.13
 1140      2.14
 1141      2.14
 1142      2.14
 1143      2.14
 1144      2.14
 1145      2.14
 1146      2.15
 1147      2.15
 1148      2.15
 1149      2.15
 1150      2.15
 1151      2.16
 1152      2.16
 1153      2.16
 1154      2.16
 1155      2.16
 1156      2.17
 1157      2.17
 1158      2.17
 1159      2.17
 1160      2.17
 1161      2.18
 1162      2.18
 1163      2.18
 1164      2.18
 1165      2.19
 1166      2.19
 1167      2.19
 1168      2.19
 1169      2.19
 1170      2.20
 1171      2.20
 1172      2.20
 1173      2.20
 1174      2.20
 1175      2.21
 1176      2.21
 1177      2.21
 1178      2.21
 1179      2.22
 1180      2.22
 1181      2.22
 1182      2.22
 1183      2.22
 1184      2.23
 1185      2.23
 1186      2.23
 1187      2.23
 1188      2.24
 1189      2.24
 1190      2.24
 1191      2.24
 1192      2.24
 1193      2.25
 1194      2.25
 1195      2.25
 1196      2.25
